           21          78
         2602       -2599       -2447        2601 "d"
        -1542       -1390        1544        1545 "o"
            5           6          -3           0 "z"
        -1424       -1272        1426        1427 "d"
            9          10          -7           0 "l"
           11          12          -9           0 "e"
         1472        1473       -1470       -1318 "d"
           15          16         -13           0 "i"
        -1099        1253        1254       -1251 "n"
         -898        -746         900         901 " "
         -832        -680         834         835 " "
        -2373        2527        2528       -2525 "l"
         2080        2081       -2078       -1926 " "
         1846        1847       -1844       -1692 "h"
         1477       -1474       -1322        1476 "n"
         -127           0         129         130 "S"
         1173       -1170       -1018        1172 "r"
          730        -727        -575         729 "m"
        -2905       -2753        2907        2908 " "
        -1892        2046        2047       -2044 "i"
         2680        2681       -2678       -2526 "d"
          -29           0          31          32 "i"
          592         593        -590        -438 "s"
        -1057        -905        1059        1060 " "
         -760         914         915        -912 " "
           51          52         -49           0 "e"
        -1883       -1731        1885        1886 "z"
         -223         377         378        -375 "r"
        -2640       -2488        2642        2643 "d"
         1050       -1047        -895        1049 " "
        -1337       -1185        1339        1340 " "
           63          64         -61           0 "v"
           65          66         -63           0 "e"
        -2603       -2451        2605        2606 " "
          241        -238         -86         240 "i"
        -1010        1164        1165       -1162 " "
        -2375        2529        2530       -2527 "e"
          516         517        -514        -362 " "
         1862           0       -1707        1861 "g"
          227        -224         -72         226 "u"
          903        -900        -748         902 " "
         -312         466         467           0 "b"
         2720        2721       -2718       -2566 " "
        -1487        1641        1642       -1639 "n"
         2258       -2255       -2103        2257 " "
        -1277       -1125        1279        1280 "s"
         -107           0         109         110 " "
        -1586        1740        1741       -1738 "g"
        -1980        2134        2135       -2132 "g"
        -1961       -1809        1963        1964 "L"
        -3118       -2983        3119           0 "n"
         1294       -1291       -1139        1293 "a"
          538         539        -536        -384 "P"
         1657        1658       -1655       -1503 " "
        -2075        2229        2230       -2227 " "
         -540        -388         542         543 "z"
         -172         -20         174         175 "s"
         1946       -1943       -1791        1945 "r"
          117         118        -115           0 "s"
        -2410       -2258        2412        2413 "t"
        -1243       -1091        1245        1246 "e"
         1794        1795       -1792       -1640 "e"
         -770         924         925        -922 " "
         1227       -1224       -1072        1226 "h"
         -125           0         127         128 " "
          131         132        -129           0 "p"
        -1376        1530        1531       -1528 "e"
         -409        -257         411         412 "n"
          137         138        -135           0 "l"
        -2683        2837        2838       -2835 " "
        -1227        1381        1382       -1379 " "
        -3078       -2926        3080        3081 " "
           60         -57           0          59 "t"
        -1686        1840        1841       -1838 " "
        -1038        1192        1193       -1190 "r"
        -2198        2352        2353       -2350 "e"
          153         154        -151           0 " "
            0         155        -153           0 " "
        -2065        2219        2220       -2217 "d"
          158         159        -156          -4 "e"
          160         161        -158          -6 "i"
         1812        1813       -1810       -1658 "S"
         1025        1026       -1023        -871 " "
        -1022        1176        1177       -1174 "n"
        -2052       -1900        2054        2055 "L"
          170         171        -168         -16 " "
          172         173        -170         -18 "i"
            0          79          80         -77 "n"
         1414        1415       -1412       -1260 "i"
          500         501        -498        -346 "r"
         2097       -2094       -1942        2096 "i"
          772        -769        -617         771 " "
          584         585        -582        -430 ","
         1836        1837       -1834       -1682 "s"
        -2748       -2596        2750        2751 " "
        -3004       -2852        3006        3007 ":"
         1214        1215       -1212       -1060 " "
         -404         558         559        -556 "e"
        -2663        2817        2818       -2815 " "
         1225       -1222       -1070        1224 "C"
         2888       -2885       -2733        2887 " "
        -2713        2867        2868       -2865 " "
         1403       -1400       -1248        1402 "t"
         2330        2331       -2328       -2176 "f"
         1446        1447       -1444       -1292 "u"
          210         211        -208         -56 " "
         -690         844         845        -842 " "
          277        -274        -122         276 "u"
        -1387       -1235        1389        1390 " "
        -2602        2756        2757       -2754 " "
         2165       -2162       -2010        2164 " "
         2526       -2523       -2371        2525 "k"
        -1307       -1155        1309        1310 "s"
         -588        -436         590         591 "a"
          228         229        -226         -74 "e"
         2550       -2547       -2395        2549 "h"
         -369        -217         371         372 " "
         3120           0       -3119       -2985 "e"
         1674       -1671       -1519        1673 " "
        -1659       -1507        1661        1662 "m"
        -1357       -1205        1359        1360 "a"
         -182         -30         184         185 "g"
         1304       -1301       -1149        1303 "i"
         -496        -344         498         499 "F"
         2144        2145       -2142       -1990 "i"
          357         358        -355        -203 "w"
         -813         967         968        -965 " "
         2292       -2289       -2137        2291 " "
          256         257        -254        -102 " "
        -2416       -2264        2418        2419 "S"
        -2317       -2165        2319        2320 "m"
          262         263        -260        -108 "r"
         2669       -2666       -2514        2668 " "
          650        -647        -495         649 " "
          973         974        -971        -819 " "
        -2438       -2286        2440        2441 "a"
        -2564        2718        2719       -2716 " "
          773         774        -771        -619 " "
         1374       -1371       -1219        1373 "a"
         -962        1116        1117       -1114 "s"
          187        -184         -32         186 "e"
          282         283        -280        -128 "e"
         -441        -289         443         444 "i"
          286         287        -284        -132 " "
         2481        2482           0       -2327 "s"
         1621        1622       -1619       -1467 "k"
          935         936        -933        -781 " "
          381         382        -379        -227 "i"
         1130        1131       -1128        -976 "e"
          -79           0          81          82 " "
          420        -417        -265         419 "a"
         2633        2634       -2631       -2479 " "
        -1851        2005        2006       -2003 "m"
         3001       -2998       -2846        3000 "t"
        -3010       -2858        3012        3013 " "
            0       -3137       -3021        3138 "-"
         1087           0        -932        1086 "P"
        -2223       -2071        2225        2226 "e"
         1024       -1021        -869        1023 " "
        -2569       -2417        2571        2572 "h"
         -233         387         388        -385 "i"
        -1760       -1608        1762        1763 "t"
        -1367       -1215        1369        1370 "s"
         3122           0       -3121       -2989 "d"
         2414        2415       -2412       -2260 "e"
          329         330        -327        -175 "l"
          331         332        -329        -177 "t"
         -396         550         551        -548 "-"
        -1531        1685        1686       -1683 "g"
          439         440        -437        -285 " "
          339         340        -337        -185 "c"
        -1981       -1829        1983        1984 "."
        -1768       -1616        1770        1771 "Z"
         1793       -1790       -1638        1792 "m"
         1282       -1279       -1127        1281 " "
        -2856        3010        3011       -3008 " "
          351         352        -349        -197 "n"
        -2182        2336        2337       -2334 "o"
         -463        -310           0         465 " "
           84         -81           0          83 "o"
        -1898        2052        2053       -2050 " "
          361         362        -359        -207 "n"
         2978        2979       -2976       -2824 "e"
        -2764       -2612        2766        2767 " "
          367         368        -365        -213 "e"
         -328         482         483        -480 "e"
         -408         562         563        -560 " "
          373         374        -371        -219 "f"
        -1871       -1719        1873        1874 "w"
        -1080        1234        1235       -1232 " "
        -3005        3130           0       -3129 "r"
           44         -41           0          43 "n"
          709         710        -707        -555 "N"
         -800        -648         802         803 " "
        -2414       -2262        2416        2417 " "
        -1147        1301        1302       -1299 "D"
         -198         -46         200         201 " "
        -1297       -1145        1299        1300 " "
          395         396        -393        -241 " "
        -2111        2265        2266       -2263 "d"
         2022        2023       -2020       -1868 "e"
         1723       -1720       -1568        1722 "."
        -2695        2849        2850       -2847 " "
        -1351       -1199        1353        1354 "c"
          407         408        -405        -253 "m"
        -1363       -1211        1365        1366 "e"
        -2714       -2562        2716        2717 " "
          413         414        -411        -259 " "
         1250       -1247       -1095        1249 "s"
        -3044       -2892        3046        3047 " "
        -1983       -1831        1985        1986 " "
        -2827       -2675        2829        2830 " "
          423         424        -421        -269 "n"
          425         426        -423        -271 "e"
        -1889       -1737        1891        1892 "H"
         3117           0       -3116       -2979 "l"
        -2186        2340        2341       -2338 "z"
        -2226        2380        2381       -2378 "t"
         3116           0       -3115       -2977 "n"
          274         275        -272        -120 " "
         1292       -1289       -1137        1291 "r"
          235        -232         -80         234 "t"
        -1669       -1517        1671        1672 "0"
        -2202        2356        2357       -2354 "n"
          447         448        -445        -293 "d"
          449         450        -447        -295 " "
        -2552        2706        2707       -2704 " "
         -960        1114        1115       -1112 " "
        -1290        1444        1445       -1442 "a"
         -928        -775           0         930 " "
        -1259       -1107        1261        1262 "h"
         -629        -477         631         632 "e"
          463         464        -461        -309 " "
        -2959        3107           0       -3106 "/"
         -586        -434         588         589 "w"
          468         469        -466        -314 "e"
        -1859        2013        2014       -2011 "n"
          472         473        -470        -318 "r"
         2001        2002       -1999       -1847 "i"
        -1643       -1491        1645        1646 " "
            0        2170       -2168       -2015 "r"
         1897        1898       -1895       -1743 "s"
        -1081        -929        1083        1084 " "
          484         485        -482        -330 "n"
          719         720        -717        -565 " "
          122        -119           0         121 "d"
          490         491        -488        -336 "D"
         1257        1258       -1255       -1103 "s"
         2569        2570       -2567       -2415 "c"
        -2091        2245        2246       -2243 "a"
         2660        2661       -2658       -2506 "p"
        -1621       -1469        1623        1624 "a"
         1054       -1051        -899        1053 " "
        -3011        3133           0       -3132 "r"
         2126        2127       -2124       -1972 "r"
        -1208       -1056        1210        1211 "e"
            0        2325       -2323       -2170 "r"
         2725       -2722       -2570        2724 " "
        -2670       -2518        2672        2673 "r"
          -73           0          75          76 "r"
        -2540        2694        2695       -2692 " "
          520         521        -518        -366 "a"
          438        -435        -283         437 "s"
        -3133       -3013        3134           0 "a"
        -1914        2068        2069       -2066 "t"
            0         310        -308        -155 " "
        -1767        1921        1922       -1919 "t"
        -2579       -2427        2581        2582 "t"
         1412        1413       -1410       -1258 "e"
         1137       -1134        -982        1136 " "
        -2503       -2351        2505        2506 " "
        -2490        2644        2645       -2642 "e"
        -1746       -1594        1748        1749 "L"
          544         545        -542        -390 "z"
          546         547        -544        -392 "l"
          548         549        -546        -394 "e"
         2094        2095       -2092       -1940 "r"
          552         553        -550        -398 "S"
        -1821        1975        1976       -1973 "r"
          556         557        -554        -402 "i"
         2251        2252       -2249       -2097 "e"
        -2931       -2779        2933        2934 " "
        -3061        3158           0       -3157 "e"
         2938       -2935       -2783        2937 " "
          641         642        -639        -487 "c"
        -2143        2297        2298       -2295 "m"
          634        -631        -479         633 "r"
         1344       -1341       -1189        1343 "i"
         2835        2836       -2833       -2681 " "
        -1635       -1483        1637        1638 "a"
         1772        1773       -1770       -1618 "e"
        -1689       -1537        1691        1692 "n"
         2303        2304       -2301       -2149 "s"
        -2383        2537        2538       -2535 " "
         1928       -1925       -1773        1927 "e"
        -1296        1450        1451       -1448 " "
         1155       -1152       -1000        1154 "u"
         -709        -557         711         712 "a"
        -1550           0        1705       -1703 " "
          596         597        -594        -442 "s"
         2921        2922       -2919       -2767 " "
         1055        1056       -1053        -901 " "
         1190        1191       -1188       -1036 "e"
          604         605        -602        -450 "i"
          606         607        -604        -452 "e"
        -2466       -2314        2468        2469 " "
          319         320        -317        -165 "E"
          612         613        -610        -458 "w"
           56         -53           0          55 "s"
        -1726       -1574        1728        1729 "i"
         -323        -171         325         326 "z"
         -666         820         821        -818 " "
         1495       -1492       -1340        1494 " "
          296         297        -294        -142 "e"
          635         636        -633        -481 "b"
        -2212        2366        2367       -2364 "g"
            0          39          40         -37 " "
        -1672        1826        1827       -1824 "r"
         1326       -1323       -1171        1325 "e"
         2810       -2807       -2655        2809 " "
        -1701       -1549        1703        1704 " "
          639         640        -637        -485 "e"
        -2537       -2385        2539        2540 "T"
        -2798        2952        2953       -2950 " "
         1016       -1013        -861        1015 " "
          322        -319        -167         321 "i"
        -3032       -2880        3034        3035 " "
         3079       -3076       -2924        3078 " "
        -2455        2609        2610       -2607 "a"
        -2125        2279        2280       -2277 " "
        -2775        2929        2930       -2927 " "
         -744         898         899        -896 " "
          661         662        -659        -507 "t"
         2300       -2297       -2145        2299 "a"
         1133       -1130        -978        1132 "i"
          667         668        -665        -513 "."
        -3075        3165           0       -3164 "0"
         -363        -211         365         366 " "
          718        -715        -563         717 "n"
         -199         353         354        -351 "d"
         2202       -2199       -2047        2201 " "
         2557        2558       -2555       -2403 "v"
          269        -266        -114         268 "r"
         -218         -66         220         221 ":"
        -3080       -2928        3082        3083 " "
         -814        -662         816         817 " "
           -2         156         157           0 "h"
          691         692        -689        -537 "f"
         1636       -1633       -1481        1635 "k"
          695         696        -693        -541 "d"
        -2553       -2401        2555        2556 " "
         -672         826         827        -824 " "
         2062        2063       -2060       -1908 "k"
         2846       -2843       -2691        2845 " "
         1998       -1995       -1843        1997 "m"
        -1321       -1169        1323        1324 "b"
          706        -703        -551         705 "n"
         -414         568         569        -566 "s"
         2768        2769       -2766       -2614 " "
          715         716        -713        -561 "e"
         2486       -2483       -2331        2485 "h"
         1537       -1534       -1382        1536 "r"
         1042       -1039        -887        1041 " "
          723         724        -721        -569 "e"
          163        -160          -8         162 "s"
        -2958       -2806        2960        2961 "l"
         2088        2089       -2086       -1934 "s"
        -2818        2972        2973       -2970 "d"
         2463       -2460       -2308        2462 "e"
         2896       -2893       -2741        2895 " "
         2676        2677       -2674       -2522 "u"
        -2736       -2584        2738        2739 " "
        -1457        1611        1612       -1609 "a"
         -673        -521         675         676 "e"
        -1055        -903        1057        1058 " "
        -2618        2772        2773       -2770 " "
        -2507       -2355        2509        2510 "u"
        -2409        2563        2564       -2561 " "
          753         754        -751        -599 "s"
          120        -117           0         119 " "
            0           0       -3177       -3100 " "
         1422        1423       -1420       -1268 "i"
        -2136       -1984        2138        2139 "e"
          570         571        -568        -416 "s"
         -930           0        1085       -1083 " "
         -567         721         722        -719 "g"
         1659        1660       -1657       -1505 "u"
         1465       -1462       -1310        1464 "s"
        -3108       -2963        3109           0 "w"
        -1651       -1499        1653        1654 "d"
        -1426       -1274        1428        1429 " "
          756        -753        -601         755 "t"
          780         781        -778        -626 "a"
            0         111         112        -109 "D"
          784         785        -782        -630 ","
         1988       -1985       -1833        1987 "D"
            0         133         134        -131 "i"
         2354        2355       -2352       -2200 "r"
        -2282        2436        2437       -2434 " "
        -3081        3168           0       -3167 "1"
          796         797        -794        -642 "?"
          496         497        -494        -342 " "
         -826        -674         828         829 " "
         2207        2208       -2205       -2053 "r"
          804         805        -802        -650 " "
          -98         252         253        -250 "a"
          -31           0          33          34 "s"
         1272       -1269       -1117        1271 "a"
        -1252        1406        1407       -1404 "n"
         2790       -2788       -2635           0 " "
          238         239        -236         -84 "s"
         2928       -2925       -2773        2927 " "
         -301         455         456        -453 " "
            0         147         148        -145 " "
        -1885       -1733        1887        1888 "u"
        -1001        -849        1003        1004 " "
         1655        1656       -1653       -1501 "e"
         1805       -1802       -1650        1804 "o"
          451         452        -449        -297 " "
         3062        3063       -3060       -2908 " "
         2308       -2305       -2153        2307 "f"
        -2541       -2389        2543        2544 "i"
         -364         518         519        -516 "s"
         2104        2105       -2102       -1950 "n"
        -1486       -1334        1488        1489 "a"
         1356       -1353       -1201        1355 "h"
        -2920        3074        3075       -3072 " "
          850         851        -848        -696 " "
          794         795        -792        -640 "r"
         1567        1568       -1565       -1413 "w"
         1522        1523       -1520       -1368 "."
         2995       -2992       -2840        2994 " "
         -356         510         511        -508 "s"
          862         863        -860        -708 " "
        -3066       -2914        3068        3069 " "
         2663       -2660       -2508        2662 "i"
        -2939       -2787        2941        2942 " "
        -2921       -2769        2923        2924 " "
         1276       -1273       -1121        1275 "a"
         3021       -3018       -2866        3020 " "
         2856       -2853       -2701        2855 " "
        -1691       -1539        1693        1694 "d"
        -1411        1565        1566       -1563 " "
        -1987       -1835        1989        1990 "a"
         -350         504         505        -502 "n"
        -1762       -1610        1764        1765 "e"
          270         271        -268        -116 "r"
            0          49          50         -47 "h"
         2344        2345       -2342       -2190 "r"
        -1305       -1153        1307        1308 " "
          896         897        -894        -742 " "
        -1758       -1606        1760        1761 "r"
          150        -147           0         149 " "
        -1812       -1660        1814        1815 "p"
         1552           0       -1397        1551 "P"
        -3024       -2872        3026        3027 " "
          908         909        -906        -754 " "
        -3039        3147           0       -3146 "n"
         -951        -799         953         954 " "
        -1468       -1316        1470        1471 "n"
        -3134       -3015        3135           0 "g"
         2182       -2179       -2027        2181 "l"
         1554       -1551       -1399        1553 "u"
          179        -176         -24         178 " "
        -2742       -2590        2744        2745 " "
          926         927        -924        -772 " "
          928         929        -926        -774 " "
         2289        2290       -2287       -2135 "n"
        -2284        2438        2439       -2436 "d"
         2400        2401       -2398       -2246 "e"
          418        -415        -263         417 "t"
         2683       -2680       -2528        2682 "e"
         1435       -1432       -1280        1434 "e"
          941         942        -939        -787 " "
          767         768        -765        -613 " "
         -618        -465           0         620 " "
         -137           0         139         140 " "
        -1714       -1562        1716        1717 "d"
         1788        1789       -1786       -1634 "n"
         1005        1006       -1003        -851 " "
        -1540       -1388        1542        1543 "v"
          957         958        -955        -803 " "
         -975        -823         977         978 " "
          961         962        -959        -807 " "
         2990        2991       -2988       -2836 "e"
        -1352        1506        1507       -1504 "n"
         2697       -2694       -2542        2696 " "
        -1820       -1668        1822        1823 "b"
          971         972        -969        -817 " "
        -1785        1939        1940       -1937 "i"
         -403        -251         405         406 " "
         -701        -549         703         704 "e"
          -12         166         167        -164 "t"
         1665        1666       -1663       -1511 "1"
          278         279        -276        -124 "e"
          672        -669        -517         671 "W"
          987         988        -985        -833 " "
         -300        -148         302         303 "e"
         2168        2169       -2166       -2014 "e"
          214         215        -212         -60 "l"
         2866       -2863       -2711        2865 " "
          997         998        -995        -843 " "
         2936       -2933       -2781        2935 " "
          965         966        -963        -811 " "
         -722         876         877        -874 " "
        -1275       -1123        1277        1278 "l"
         1007        1008       -1005        -853 " "
         1009        1010       -1007        -855 " "
          992        -989        -837         991 " "
         2704        2705       -2702       -2550 " "
        -2902        3056        3057       -3054 " "
         1652       -1649       -1497        1651 "r"
        -2029        2183        2184       -2181 "i"
          728        -725        -573         727 "o"
        -2059        2213        2214       -2211 "h"
         2655       -2652       -2500        2654 "g"
        -2037        2191        2192       -2189 "n"
        -2222        2376        2377       -2374 "n"
         1512        1513       -1510       -1358 "e"
        -1997       -1845        1999        2000 " "
         1675        1676       -1673       -1521 "i"
        -2453        2607        2608       -2605 "d"
         1174        1175       -1172       -1020 "e"
         -839         993         994        -991 " "
        -1506       -1354        1508        1509 " "
         -221         375         376        -373 "e"
        -1922        2076        2077       -2074 "o"
          265        -262        -110         264 "w"
        -1158       -1006        1160        1161 "n"
          619        -616        -464         618 " "
          312           0        -157         311 "v"
        -1434       -1282        1436        1437 "n"
          984        -981        -829         983 " "
        -3161       -3069        3162           0 "0"
         2478        2479       -2476       -2324 "e"
            0         775        -773        -620 " "
        -2932        3086        3087       -3084 " "
          660        -657        -505         659 "u"
         1797       -1794       -1642        1796 "n"
          561        -558        -406         560 "l"
        -1626        1780        1781       -1778 "n"
         -809         963         964        -961 " "
         1079        1080       -1077        -925 " "
         1081        1082       -1079        -927 " "
         -552        -400         554         555 "p"
        -2473        2627        2628       -2625 " "
         2384        2385       -2382       -2230 "u"
        -1204       -1052        1206        1207 "a"
        -2838        2992        2993       -2990 "l"
         2533        2534       -2531       -2379 "n"
         1094        1095       -1092        -940 "l"
         1096        1097       -1094        -942 "e"
        -1677       -1525        1679        1680 " "
        -1370        1524        1525       -1522 " "
        -2325           0        2480       -2478 "r"
         1830        1831       -1828       -1676 " "
         1106        1107       -1104        -952 "t"
        -1422       -1270        1424        1425 "l"
        -2423        2577        2578       -2575 "a"
        -2267       -2115        2269        2270 "a"
        -3057        3156           0       -3155 "u"
        -2651        2805        2806       -2803 " "
         -655        -503         657         658 "e"
        -1903       -1751        1905        1906 "n"
         1122        1123       -1120        -968 "o"
         2011        2012       -2009       -1857 "i"
         1578       -1575       -1423        1577 "a"
        -2491       -2339        2493        2494 "s"
         1459       -1456       -1304        1458 " "
         2548       -2545       -2393        2547 "c"
         -907        1061        1062       -1059 " "
        -3117       -2981        3118           0 "i"
        -1372        1526        1527       -1524 "D"
         1125       -1122        -970        1124 "n"
         1142        1143       -1140        -988 "b"
        -1195        1349        1350       -1347 "l"
         2747       -2744       -2592        2746 " "
         1556       -1553       -1401        1555 "z"
          216         217        -214         -62 "a"
        -2269       -2117        2271        2272 "r"
        -1346        1500        1501       -1498 "e"
         3174           0       -3173       -3093 " "
        -2406       -2254        2408        2409 "e"
         1255        1256       -1253       -1101 " "
          947         948        -945        -793 " "
         2796       -2793       -2641        2795 " "
         2831        2832       -2829       -2677 " "
         1912       -1909       -1757        1911 "a"
          946        -943        -791         945 " "
         1863        1864       -1861       -1709 "e"
        -1135        1289        1290       -1287 "g"
           14         -11           0          13 " "
         -279         433         434        -431 "d"
         1518        1519       -1516       -1364 "e"
          -93           0          95          96 "t"
        -1019        -867        1021        1022 " "
         1109       -1106        -954        1108 " "
         1188        1189       -1186       -1034 " "
         1571        1572       -1569       -1417 "e"
        -1822       -1670        1824        1825 "u"
        -1543        1697        1698       -1695 " "
        -3130       -3007        3131           0 "/"
          -90         244         245        -242 "z"
         1200        1201       -1198       -1046 "n"
         -412         566         567        -564 "a"
          272         273        -270        -118 "t"
        -2839       -2687        2841        2842 " "
        -2629       -2477        2631        2632 " "
          364        -361        -209         363 "n"
         2914       -2911       -2759        2913 " "
         2754        2755       -2752       -2600 " "
        -2730       -2578        2732        2733 " "
          237        -234         -82         236 " "
          -19           0          21          22 " "
         1222        1223       -1220       -1068 " "
        -2715        2869        2870       -2867 " "
         1169       -1166       -1014        1168 "a"
         -534        -382         536         537 " "
         1230        1231       -1228       -1076 "n"
          -25           0          27          28 "g"
         2288       -2285       -2133        2287 "e"
         1236        1237       -1234       -1082 "u"
         -529         683         684        -681 "e"
          198         199        -196         -44 "h"
         -664         818         819        -816 " "
         1243        1244       -1241       -1089 "i"
          124        -121           0         123 "a"
         1247        1248       -1245       -1093 "s"
        -1875       -1723        1877        1878 "i"
         1866       -1863       -1711        1865 "l"
         2580       -2577       -2425        2579 "t"
         -979        -827         981         982 " "
        -1336        1490        1491       -1488 "u"
        -3111       -2969        3112           0 "b"
         -476        -324         478         479 "h"
         1629        1630       -1627       -1475 "e"
         -958        1112        1113       -1110 "s"
         2775       -2772       -2620        2774 " "
         1269        1270       -1267       -1115 "d"
         1329        1330       -1327       -1175 " "
          812         813        -810        -658 " "
         -651        -499         653         654 "e"
          307        -304        -152         306 " "
          207        -204         -52         206 "n"
          783        -780        -628         782 "r"
        -1977       -1825        1979        1980 "e"
        -1393       -1240           0        1395 " "
         1287        1288       -1285       -1133 "n"
         3115           0       -3114       -2975 "o"
        -1187        1341        1342       -1339 "z"
         2328        2329       -2326       -2174 "u"
         -812        -660         814         815 " "
        -2909       -2757        2911        2912 " "
          525        -522        -370         524 "e"
          916         917        -914        -762 " "
         1713       -1710       -1558        1712 "u"
         1640       -1637       -1485        1639 "n"
         1959        1960       -1957       -1805 "r"
        -1788       -1636        1790        1791 "a"
            0          23          24         -21 "e"
        -1097        1251        1252       -1249 "e"
         -946        1100        1101       -1098 "g"
           35          36         -33           0 "c"
          600         601        -598        -446 " "
          432        -429        -277         431 " "
         2501        2502       -2499       -2347 "c"
         2947           0       -2792        2946 "D"
         1327        1328       -1325       -1173 "r"
         -489         643         644        -641 "h"
         1331        1332       -1329       -1177 "n"
         1333        1334       -1331       -1179 "o"
         1335        1336       -1333       -1181 "c"
        -3101       -2949        3102           0 "t"
        -1276        1430        1431       -1428 "o"
          615        -612        -460         614 "i"
        -1012        1166        1167       -1164 "J"
          169        -166         -14         168 ","
        -2082       -1930        2084        2085 "r"
        -1556        1710        1711       -1708 "f"
         1351        1352       -1349       -1197 "i"
        -2881       -2729        2883        2884 " "
           69          70         -67           0 "w"
         1829       -1826       -1674        1828 "y"
        -2493       -2341        2495        2496 "s"
         -315        -163         317         318 " "
        -2732       -2580        2734        2735 " "
         1460        1461       -1458       -1306 "b"
            0       -3172       -3091        3173 " "
        -1849        2003        2004       -2001 "h"
         2901        2902       -2899       -2747 " "
         2286       -2283       -2131        2285 "r"
        -1433        1587        1588       -1585 "e"
          523        -520        -368         522 "g"
         -206         -54         208         209 "z"
        -1818       -1666        1820        1821 "s"
         3048        3049       -3046       -2894 " "
         2149       -2146       -1994        2148 " "
        -2745        2899        2900       -2897 " "
         2713       -2710       -2558        2712 " "
        -2206        2360        2361       -2358 "a"
         2455       -2452       -2300        2454 "e"
         2449       -2446       -2294        2448 "a"
          609        -606        -454         608 "l"
         1855       -1852       -1700        1854 " "
          959         960        -957        -805 " "
          669         670        -667        -515 " "
         3091       -3088       -2936        3090 " "
        -1554        1708        1709       -1706 "r"
         1408        1409       -1406       -1254 " "
            0       -3127       -3001        3128 "d"
         -380         534         535        -532 "m"
        -2610        2764        2765       -2762 " "
        -3175       -3097        3176           0 " "
         1418        1419       -1416       -1264 " "
         1420        1421       -1418       -1266 "B"
        -1342        1496        1497       -1494 "s"
         1186        1187       -1184       -1032 "e"
          854         855        -852        -700 " "
         1031        1032       -1029        -877 " "
         1819       -1816       -1664        1818 "l"
          399         400        -397        -245 "a"
        -2942        3096        3097       -3094 " "
        -1716       -1564        1718        1719 "e"
         1438        1439       -1436       -1284 " "
         1538        1539       -1536       -1384 "t"
        -3089        3172           0       -3171 " "
        -1807        1961        1962       -1959 " "
          578         579        -576        -424 "e"
         1448        1449       -1446       -1294 "f"
         1066       -1063        -911        1065 " "
         1452        1453       -1450       -1298 "u"
         1454        1455       -1452       -1300 "n"
          791        -788        -636         790 "d"
         1535       -1532       -1380        1534 "A"
         -984        1138        1139       -1136 "u"
         2686        2687       -2684       -2532 "."
          677         678        -675        -523 " "
         1466        1467       -1464       -1312 "t"
          833        -830        -678         832 " "
         2552       -2549       -2397        2551 "e"
        -2705        2859        2860       -2857 " "
         1283        1284       -1281       -1129 "T"
        -2012        2166        2167       -2164 "d"
        -1566        1720        1721       -1718 "n"
         1480        1481       -1478       -1326 "n"
         -643        -491         645         646 "e"
         1484        1485       -1482       -1330 "r"
        -3043        3149           0       -3148 "k"
          212         213        -210         -58 "k"
        -3165       -3077        3166           0 "0"
         2783       -2780       -2628        2782 " "
         2031       -2028       -1876        2030 "r"
         2041       -2038       -1886        2040 "m"
         -383        -231         385         386 " "
        -1191        1345        1346       -1343 "e"
         2742        2743       -2740       -2588 " "
         1504        1505       -1502       -1350 "e"
         1001        1002        -999        -847 " "
         -881        1035        1036       -1033 " "
         2282       -2279       -2127        2281 "w"
         1264       -1261       -1109        1263 "o"
        -3034       -2882        3036        3037 " "
        -1766       -1614        1768        1769 "-"
        -2643        2797        2798       -2795 " "
          347         348        -345        -193 " "
         1952       -1949       -1797        1951 "e"
        -2809       -2657        2811        2812 " "
          912         913        -910        -758 " "
        -2353        2507        2508       -2505 "n"
         1045        1046       -1043        -891 " "
        -2593       -2441        2595        2596 "w"
        -2194        2348        2349       -2346 "t"
        -2883       -2731        2885        2886 " "
         1150        1151       -1148        -996 "t"
        -2204        2358        2359       -2356 " "
         2684        2685       -2682       -2530 "n"
            4          -1           0           3 "u"
            0         141         142        -139 "s"
         1548        1549       -1546       -1394 " "
        -1832       -1680        1834        1835 "a"
          380        -377        -225         379 "t"
           30         -27           0          29 "l"
         -947        -795         949         950 " "
          390        -387        -235         389 "s"
         1559        1560       -1557       -1405 "l"
        -3029        3142           0       -3141 "s"
         -872        -720         874         875 " "
          880         881        -878        -726 " "
         2944       -2941       -2789        2943 " "
        -3068       -2916        3070        3071 " "
          126        -123           0         125 "s"
         -747        -595         749         750 " "
         2071       -2068       -1916        2070 "e"
        -1920        2074        2075       -2072 "v"
         1579        1580       -1577       -1425 "n"
        -2098       -1946        2100        2101 "a"
          442        -439        -287         441 "B"
        -1579       -1427        1581        1582 " "
         2532       -2529       -2377        2531 "i"
          738        -735        -583         737 " "
        -1214       -1062        1216        1217 "a"
         2770        2771       -2768       -2616 " "
         1595        1596       -1593       -1441 "u"
         3088        3089       -3086       -2934 " "
         1599        1600       -1597       -1445 "e"
         1038       -1035        -883        1037 " "
         3127           0       -3126       -2999 "n"
          -88         242         243        -240 "t"
         3094        3095       -3092       -2940 " "
            0           7           8          -5 "z"
         2910       -2907       -2755        2909 " "
         1598       -1595       -1443        1597 "t"
         1615        1616       -1613       -1461 "e"
         1617        1618       -1615       -1463 "n"
         2395       -2392       -2240        2394 "o"
        -3143       -3033        3144           0 "e"
          342        -339        -187         341 "h"
         1625        1626       -1623       -1471 "u"
        -2087        2241        2242       -2239 "c"
         2399       -2396       -2244        2398 "z"
        -2464       -2312        2466        2467 "t"
          100         -97           0          99 "u"
         2106        2107       -2104       -1952 "i"
         2611        2612       -2609       -2457 "s"
         1903        1904       -1901       -1749 "u"
         2974        2975       -2972       -2820 "i"
         1643        1644       -1641       -1489 ","
         1483       -1480       -1328        1482 "u"
         1647        1648       -1645       -1493 "w"
          752        -749        -597         751 "i"
        -3014       -2862        3016        3017 " "
            0       -3125       -2997        3126 "i"
        -1693       -1541        1695        1696 " "
         1043        1044       -1041        -889 " "
          196         197        -194         -42 "c"
          103         104        -101           0 "e"
         -154         308         309        -306 " "
         -596        -444         598         599 "o"
          580         581        -578        -426 "t"
          841        -838        -686         840 " "
         -859        1013        1014       -1011 " "
        -1216       -1064        1218        1219 "u"
        -1058        1212        1213       -1210 "n"
         1677        1678       -1675       -1523 "n"
         1140        1141       -1138        -986 "e"
          583        -580        -428         582 "e"
         2881        2882       -2879       -2727 " "
        -2188        2342        2343       -2340 "b"
         -531         685         686        -683 " "
         1689        1690       -1687       -1535 "a"
        -2042       -1890        2044        2045 "e"
         -504        -352         506         507 "z"
         1860       -1858       -1705           0 " "
        -1192       -1040        1194        1195 "s"
         2259        2260       -2257       -2105 "L"
        -1872        2026        2027       -2024 " "
         3101           0           0       -2947 "h"
        -2486        2640        2641       -2638 "l"
         1075        1076       -1073        -921 " "
          847        -844        -692         846 " "
         1981        1982       -1979       -1827 "n"
         3052        3053       -3050       -2898 " "
         1714        1715       -1712       -1560 "n"
        -2573       -2421        2575        2576 "h"
        -1338        1492        1493       -1490 "s"
        -1917       -1765        1919        1920 "i"
          -75           0          77          78 "e"
         1857       -1854       -1702        1856 " "
         -600        -448         602         603 "v"
         2186       -2183       -2031        2185 "n"
         2626       -2623       -2471        2625 " "
         1391        1392       -1389       -1237 " "
         1105       -1102        -950        1104 "b"
         -728         882         883        -880 " "
        -2429        2583        2584       -2581 "e"
        -1311       -1159        1313        1314 "h"
            0         105         106        -103 "n"
         2565        2566       -2563       -2411 "s"
        -2081        2235        2236       -2233 "a"
         -222         -70         224         225 "Z"
        -2033        2187        2188       -2185 "i"
         1752        1753       -1750       -1598 "n"
         2599        2600       -2597       -2445 "r"
        -1315       -1163        1317        1318 "n"
         1758        1759       -1756       -1604 "a"
          910         911        -908        -756 " "
          739         740        -737        -585 "s"
         1801       -1798       -1646        1800 " "
          -95           0          97          98 "a"
         1316       -1313       -1161        1315 "e"
         1816        1817       -1814       -1662 "i"
         -964        1118        1119       -1116 "c"
         1774        1775       -1772       -1620 "i"
         -501         655         656        -653 "d"
         1778        1779       -1776       -1624 "h"
          734        -731        -579         733 "e"
          453         454        -451        -299 " "
        -2138       -1986        2140        2141 " "
        -1500       -1348        1502        1503 "b"
         -763        -611         765         766 "h"
        -2019        2173        2174       -2171 "r"
         1584       -1581       -1429        1583 "s"
        -1887       -1735        1889        1890 " "
        -2369        2523        2524       -2521 " "
         -916        -764         918         919 " "
          886         887        -884        -732 " "
         2162        2163       -2160       -2008 "g"
        -1202       -1050        1204        1205 "k"
         1735       -1732       -1580        1734 "j"
         2871        2872       -2869       -2717 " "
         1401       -1398       -1246        1400 "t"
         2963       -2960       -2808        2962 "s"
        -1223        1377        1378       -1375 "s"
         3171           0       -3170       -3087 " "
         1135       -1132        -980        1134 "t"
         -944        1098        1099       -1096 " "
          151         152        -149           0 " "
         -459        -307         461         462 " "
        -1544       -1392        1546        1547 "n"
         2852       -2849       -2697        2851 " "
         -407        -255         409         410 "a"
         -882        -730         884         885 " "
         2653       -2650       -2498        2652 "e"
         -716         870         871        -868 " "
        -2154       -2002        2156        2157 "l"
          698        -695        -543         697 "i"
        -2365        2519        2520       -2517 "c"
         1844        1845       -1842       -1690 "o"
         2477       -2474       -2322        2476 " "
          474         475        -472        -320 "a"
         1850        1851       -1848       -1696 " "
         2090        2091       -2088       -1936 "s"
         2648        2649       -2646       -2494 "-"
        -2472       -2320        2474        2475 "s"
          -43           0          45          46 "d"
         1858        1859       -1856       -1704 " "
         1807       -1804       -1652        1806 "h"
         1515       -1512       -1360        1514 "i"
        -2147        2301        2302       -2299 "l"
         2560       -2557       -2405        2559 "o"
         1869        1870       -1867       -1715 "n"
          689         690        -687        -535 "u"
          713         714        -711        -559 "m"
         1875        1876       -1873       -1721 "e"
            0        2635       -2633       -2480 " "
        -3176       -3099        3177           0 " "
         1757       -1754       -1602        1756 "k"
         1883        1884       -1881       -1729 " "
        -2089        2243        2244       -2241 "h"
         -100         254         255        -252 "n"
         -282        -130         284         285 "r"
        -3149       -3045        3150           0 "l"
         2112        2113       -2110       -1958 " "
        -1365       -1213        1367        1368 "r"
         -876        -724         878         879 " "
        -1617       -1465        1619        1620 " "
            0          89          90         -87 "r"
         2878       -2875       -2723        2877 " "
        -2000        2154        2155       -2152 "t"
         1907        1908       -1905       -1753 "d"
          313         314        -311        -159 "o"
         2389       -2386       -2234        2388 "d"
         1913        1914       -1911       -1759 "r"
          359         360        -357        -205 "e"
        -2589       -2437        2591        2592 "o"
         1606       -1603       -1451        1605 "m"
         1965        1966       -1963       -1811 "a"
         3099       -3096       -2944        3098 " "
         1925        1926       -1923       -1771 "t"
          778         779        -776        -624 "l"
         1929        1930       -1927       -1775 " "
          383         384        -381        -229 "g"
          572         573        -570        -418 "e"
         2452        2453       -2450       -2298 "z"
         1375        1376       -1373       -1221 "u"
        -2746       -2594        2748        2749 " "
          865        -862        -710         864 " "
         1943        1944       -1941       -1789 "e"
          143         144        -141           0 "o"
         2263        2264       -2261       -2109 "n"
         2082        2083       -2080       -1928 "G"
          842         843        -840        -688 " "
          895        -892        -740         894 " "
        -1459        1613        1614       -1611 "d"
        -1437        1591        1592       -1589 "h"
         2403       -2400       -2248        2402 "r"
        -1628        1782        1783       -1780 "e"
            1           2           0           0 "P"
         3084        3085       -3082       -2930 " "
         2278       -2275       -2123        2277 "n"
        -2816        2970        2971       -2968 "n"
         1971        1972       -1969       -1817 "k"
        -2996       -2844        2998        2999 "n"
         1787       -1784       -1632        1786 " "
         -581         735         736        -733 "n"
          564         565        -562        -410 "C"
        -1031        -879        1033        1034 " "
            0       -3144       -3035        3145 "h"
         1682       -1679       -1527        1681 "E"
        -1225        1379        1380       -1377 ":"
        -2622        2776        2777       -2774 " "
         1991        1992       -1989       -1837 " "
        -3063        3159           0       -3158 "/"
         2129       -2126       -1974        2128 "s"
         2059       -2056       -1904        2058 "n"
         2404        2405       -2402       -2250 "s"
        -1764       -1612        1766        1767 "n"
         -321        -169         323         324 "n"
         -492        -340         494         495 "e"
         2007        2008       -2005       -1853 " "
        -1385       -1233        1387        1388 "e"
          541        -538        -386         540 "u"
         1541       -1538       -1386        1540 " "
        -2357        2511        2512       -2509 "r"
           37          38         -35           0 "h"
          731         732        -729        -577 "m"
         2020        2021       -2018       -1866 "e"
         -712         866         867        -864 " "
         1902       -1899       -1747        1901 " "
         2324       -2321       -2169        2323 "e"
        -2661        2815        2816       -2813 " "
          759         760        -757        -605 "a"
         2032        2033       -2030       -1878 " "
        -1813        1967        1968       -1965 "n"
         2036        2037       -2034       -1882 "a"
          610         611        -608        -456 " "
         2792           0       -2637        2791 " "
        -2235       -2083        2237        2238 "f"
         2268       -2265       -2113        2267 "k"
         1848        1849       -1846       -1694 "l"
         2172           0       -2017        2171 "G"
          674        -671        -519         673 "i"
          666        -663        -511         665 "t"
          -59           0          61          62 " "
         1931        1932       -1929       -1777 "a"
        -2889       -2737        2891        2892 " "
         2535        2536       -2533       -2381 "e"
         2967       -2964       -2812        2966 "a"
         1839       -1836       -1684        1838 "s"
         -313        -161         315         316 "n"
          853        -850        -698         852 " "
          488         489        -486        -334 " "
         2072        2073       -2070       -1918 " "
         2424        2425       -2422       -2270 "l"
         3092        3093       -3090       -2938 " "
        -2656       -2504        2658        2659 "s"
         1803       -1800       -1648        1802 "J"
        -2786       -2634        2788        2789 " "
        -1193        1347        1348       -1345 "m"
          989         990        -987        -835 " "
         2407       -2404       -2252        2406 "a"
        -3071        3163           0       -3162 "4"
         -325        -173         327         328 "e"
           25          26         -23           0 "n"
         2839        2840       -2837       -2685 " "
         1358       -1355       -1203        1357 " "
         1047        1048       -1045        -893 " "
         -378         532         533        -530 "u"
         2803        2804       -2801       -2649 " "
         1209       -1206       -1054        1208 "m"
         -111           0         113         114 "a"
         2110        2111       -2108       -1956 "n"
        -1118        -966        1120        1121 "h"
         -126         280         281        -278 "b"
         -644         798         799        -796 " "
         2118        2119       -2116       -1964 "d"
         2120        2121       -2118       -1966 " "
         2122        2123       -2120       -1968 "z"
           53          54         -51           0 "i"
        -2128       -1976        2130        2131 "a"
         2585        2586       -2583       -2431 ":"
        -2790           0        2945       -2943 " "
         -974        1128        1129       -1126 "s"
        -2384       -2232        2386        2387 "n"
          810         811        -808        -656 " "
         -571         725         726        -723 "k"
         2051       -2048       -1896        2050 "e"
          836         837        -834        -682 " "
          -94         248         249        -246 " "
         -316         470         471        -468 "t"
         -752         906         907        -904 " "
         -302        -150         304         305 "n"
         2152        2153       -2150       -1998 "n"
          777           0        -622         776 "k"
        -2516        2670        2671       -2668 "e"
         2158        2159       -2156       -2004 "a"
        -2686       -2534        2688        2689 " "
         1557        1558       -1555       -1403 "z"
        -1796       -1644        1798        1799 "s"
          293        -290        -138         292 "n"
          888         889        -886        -734 " "
         1110        1111       -1108        -956 "e"
        -2647        2801        2802       -2799 " "
        -1431        1585        1586       -1583 "i"
         2484       -2481       -2329        2483 "c"
         2177        2178       -2175       -2023 "n"
         2179        2180       -2177       -2025 "z"
          344        -341        -189         343 "e"
         2491        2492       -2489       -2337 "e"
        -2229       -2077        2231        2232 "G"
        -2689        2843        2844       -2841 " "
        -1061        -909        1063        1064 " "
         1171       -1168       -1016        1170 "h"
        -3037        3146           0       -3145 "e"
         1730        1731       -1728       -1576 "n"
        -2469        2623        2624       -2621 "e"
         2350        2351       -2348       -2196 "t"
         1684       -1681       -1529        1683 "n"
         2203        2204       -2201       -2049 "v"
         2321        2322       -2319       -2167 "m"
        -2771        2925        2926       -2923 " "
          477        -474        -322         476 "c"
         -471         625         626        -623 "p"
         1067        1068       -1065        -913 " "
         2215        2216       -2213       -2061 "i"
         1882       -1879       -1727        1881 "t"
         1893        1894       -1891       -1739 "a"
        -1654        1808        1809       -1806 "n"
         2223        2224       -2221       -2069 "n"
        -3174       -3095        3175           0 " "
         1569        1570       -1567       -1415 "i"
        -1530       -1378        1532        1533 " "
          873        -870        -718         872 " "
         2233        2234       -2231       -2079 "r"
        -2114       -1962        2116        2117 "n"
        -2122       -1970        2124        2125 "e"
         1609        1610       -1607       -1455 "L"
        -2238        2392        2393       -2390 "s"
         -391        -239         393         394 ","
         -256        -104         258         259 "v"
         2078        2079       -2076       -1924 "n"
        -1582        1736        1737       -1734 "u"
          194         195        -192         -40 "i"
         2253        2254       -2251       -2099 "n"
         2255        2256       -2253       -2101 "."
         2715       -2712       -2560        2714 " "
        -2669        2823        2824       -2821 " "
         2261        2262       -2259       -2107 "a"
        -2884        3038        3039       -3036 " "
         -395        -243         397         398 "k"
         2752        2753       -2750       -2598 " "
         1027        1028       -1025        -873 " "
         3114           0       -3113       -2973 "-"
        -1319       -1167        1321        1322 "a"
         2275        2276       -2273       -2121 "e"
        -3166       -3079        3167           0 "7"
         1575        1576       -1573       -1421 "m"
        -1028        1182        1183       -1180 "d"
         2283        2284       -2281       -2129 "a"
        -2734       -2582        2736        2737 " "
        -2980       -2828        2982        2983 "A"
          335         336        -333        -181 "i"
         -228         -76         230         231 "r"
        -2763        2917        2918       -2915 " "
         2295        2296       -2293       -2141 "a"
         -237         391         392        -389 "t"
          -78         232         233        -230 "s"
         1590       -1587       -1435        1589 " "
         -273         427         428        -425 "n"
         -443        -291         445         446 "l"
        -1745        1899        1900       -1897 "e"
         2309        2310       -2307       -2155 "a"
         2048        2049       -2046       -1894 "n"
         -684         838         839        -836 " "
         2315        2316       -2313       -2161 " "
         2317        2318       -2315       -2163 "i"
         2450        2451       -2448       -2296 "n"
          177        -174         -22         176 "t"
        -2645        2799        2800       -2797 " "
         3105           0       -3104       -2955 ":"
        -2203       -2051        2205        2206 "e"
         1159       -1156       -1004        1158 "e"
        -3135       -3017        3136           0 "e"
         2893        2894       -2891       -2739 " "
         2334        2335       -2332       -2180 "H"
        -1744       -1592        1746        1747 " "
         2338        2339       -2336       -2184 "l"
         -609         763         764        -761 "c"
            0       -3163       -3073        3164 "/"
          512         513        -510        -358 "e"
         2346        2347       -2344       -2192 "e"
         1954       -1951       -1799        1953 "i"
         2431       -2428       -2276        2430 "u"
         2017           0       -1862        2016 "I"
        -1090        -938        1092        1093 "z"
         3025       -3022       -2870        3024 " "
         1296       -1293       -1141        1295 "m"
         2864       -2861       -2709        2863 " "
         2362        2363       -2360       -2208 "u"
         2364        2365       -2362       -2210 "f"
          298         299        -296        -144 "r"
        -2951        3103           0       -3102 "t"
         -547         701         702        -699 "s"
        -1231        1385        1386       -1383 "i"
        -1476       -1324        1478        1479 " "
         1029        1030       -1027        -875 " "
         2378        2379       -2376       -2224 "n"
         1751       -1748       -1596        1750 "a"
         2382        2383       -2380       -2228 " "
        -1332        1486        1487       -1484 " "
          940        -937        -785         939 " "
          786         787        -784        -632 " "
          -99           0         101         102 "n"
         1220        1221       -1218       -1066 "s"
         1995        1996       -1993       -1841 "a"
        -2756       -2604        2758        2759 " "
         2986        2987       -2984       -2832 "t"
         2517        2518       -2515       -2363 "o"
        -2586        2740        2741       -2738 " "
        -1049        -897        1051        1052 " "
          486         487        -484        -332 "."
         2240       -2237       -2085        2239 "s"
         1362       -1359       -1207        1361 "n"
          480         481        -478        -326 "t"
          743         744        -741        -589 "n"
         -949        -797         951         952 " "
         2273        2274       -2271       -2119 "t"
         2420        2421       -2418       -2266 "p"
         2422        2423       -2420       -2268 "i"
        -2551       -2399        2553        2554 "n"
         2426        2427       -2424       -2272 "s"
         2826       -2823       -2671        2825 " "
        -1665       -1513        1667        1668 "7"
         2432        2433       -2430       -2278 "r"
         2434        2435       -2432       -2280 "y"
         3014        3015       -3012       -2860 " "
         -592        -440         594         595 " "
          183        -180         -28         182 "i"
         2456        2457       -2454       -2302 " "
         2444        2445       -2442       -2290 " "
         2446        2447       -2444       -2292 "g"
        -1335       -1183        1337        1338 "h"
        -2502        2656        2657       -2654 "e"
        -2672       -2520        2674        2675 "f"
            0         145         146        -143 " "
         -634         788         789        -786 "o"
         2458        2459       -2456       -2304 "B"
         2460        2461       -2458       -2306 "r"
          345         346        -343        -191 "n"
          -85           0          87          88 "e"
          203        -200         -48         202 "g"
            0       -3131       -3009        3132 "f"
         -783         937         938        -935 " "
         -977        -825         979         980 " "
        -2158       -2006        2160        2161 "n"
         2211        2212       -2209       -2057 "c"
         -714         868         869        -866 " "
         3110           0       -3109       -2965 "w"
        -2512        2666        2667       -2664 "l"
        -1954        2108        2109       -2106 "e"
          806         807        -804        -652 " "
         2487        2488       -2485       -2333 "l"
         2489        2490       -2487       -2335 "i"
         2637           0       -2482        2636 "B"
        -2084       -1932        2086        2087 "o"
          416        -413        -261         415 "s"
         2497        2498       -2495       -2343 "l"
         2499        2500       -2497       -2345 "i"
          337         338        -335        -183 "l"
         2503        2504       -2501       -2349 "h"
            0       -3150       -3047        3151 "a"
         3005       -3002       -2850        3004 "r"
         2904       -2901       -2749        2903 " "
            0        2015       -2013       -1860 "e"
         2513        2514       -2511       -2359 " "
        -1439        1593        1594       -1591 "e"
          700        -697        -545         699 "e"
        -1688        1842        1843       -1840 "w"
         2038        2039       -2036       -1884 "h"
           93          94         -91           0 "s"
          -34         188         189        -186 "n"
        -2139        2293        2294       -2291 "d"
         -990        1144        1145       -1142 "e"
        -1361       -1209        1363        1364 "d"
        -2591       -2439        2593        2594 " "
         2371       -2368       -2216        2370 "s"
         3153           0       -3152       -3051 "o"
         -806        -654         808         809 " "
        -3107       -2961        3108           0 "w"
         1511       -1508       -1356        1510 "T"
          575        -572        -420         574 "-"
         1202        1203       -1200       -1048 " "
         1868       -1865       -1713        1867 "a"
         2195        2196       -2193       -2041 "d"
         3044        3045       -3042       -2890 " "
         1935        1936       -1933       -1781 " "
         1574       -1571       -1419        1573 " "
        -2021        2175        2176       -2173 "e"
         -702         856         857        -854 " "
         2760        2761       -2758       -2606 " "
         1156        1157       -1154       -1002 "s"
         1608       -1605       -1453        1607 " "
           86         -83           0          85 "d"
         2190       -2187       -2035        2189 "e"
         2573        2574       -2571       -2419 " "
         2147       -2144       -1992        2146 "e"
         3002        3003       -3000       -2848 "e"
         -915        1069        1070       -1067 " "
        -1302        1456        1457       -1454 "d"
         2066        2067       -2064       -1912 "r"
         -902        -750         904         905 " "
         2587        2588       -2585       -2433 " "
         2589        2590       -2587       -2435 "S"
         1297        1298       -1295       -1143 "."
        -1722       -1570        1724        1725 " "
            0        -467         621         622 "K"
         2597        2598       -2595       -2443 "u"
         -113           0         115         116 "s"
        -2043        2197        2198       -2195 "e"
         2603        2604       -2601       -2449 "e"
        -1939       -1787        1941        1942 "n"
        -1308        1462        1463       -1460 "e"
           19          20         -17           0 "t"
         2368        2369       -2366       -2214 "e"
         2613        2614       -2611       -2459 " "
         -587         741         742        -739 "i"
         2617        2618       -2615       -2463 "r"
        -2811       -2659        2813        2814 " "
           73          74         -71           0 "r"
         2711       -2708       -2556        2710 " "
        -2929       -2777        2931        2932 " "
          514         515        -512        -360 "n"
         2629        2630       -2627       -2475 " "
         1320       -1317       -1165        1319 " "
          369         370        -367        -215 "s"
         2333       -2330       -2178        2332 " "
        -2440       -2288        2442        2443 "s"
         1012       -1009        -857        1011 " "
         -706         860         861        -858 " "
         2114        2115       -2112       -1960 "u"
          956        -953        -801         955 " "
        -2318        2472        2473       -2470 "i"
        -3062       -2910        3064        3065 " "
         2650        2651       -2648       -2496 "L"
         1268       -1265       -1113        1267 " "
         -668         822         823        -820 " "
         1948       -1945       -1793        1947 " "
        -2679        2833        2834       -2831 " "
         2061       -2058       -1906        2060 "d"
          -64         218         219        -216 "r"
         2664        2665       -2662       -2510 "e"
        -1119        1273        1274       -1271 "m"
         2043       -2040       -1888        2042 " "
         -759        -607         761         762 "u"
        -1244        1398        1399       -1396 "a"
            0       -1087        1241        1242 "h"
        -2878        3032        3033       -3030 " "
         1601        1602       -1599       -1447 " "
          694        -691        -539         693 " "
        -2408       -2256        2410        2411 "g"
         3161           0       -3160       -3067 "0"
          107         108        -105           0 "."
        -1257       -1105        1259        1260 "c"
          531        -528        -376         530 "z"
         -766         920         921        -918 " "
        -2096       -1944        2098        2099 "t"
          708        -705        -553         707 " "
         1089       -1086        -934        1088 "u"
        -2760       -2608        2762        2763 " "
         -526        -374         528         529 " "
         2375       -2372       -2220        2374 "a"
         2821        2822       -2819       -2667 " "
         2708        2709       -2706       -2554 " "
         1744        1745       -1742       -1590 "r"
          943         944        -941        -789 " "
        -3083        3169           0       -3168 "3"
          793        -790        -638         792 "e"
          493        -490        -338         492 "i"
        -2636       -2484        2638        2639 "i"
         2722        2723       -2720       -2568 " "
         1739       -1736       -1584        1738 "n"
         2726        2727       -2724       -2572 " "
         2728        2729       -2726       -2574 " "
        -2945           0        3100       -3098 " "
        -2247       -2095        2249        2250 "t"
         -106         260         261        -258 "e"
          617        -614        -462         616 "e"
         -244         -92         246         247 "t"
         1853       -1850       -1698        1852 " "
            0        1550       -1548       -1395 " "
          458        -455        -303         457 " "
        -1074        1228        1229       -1226 "i"
         1811       -1808       -1656        1810 " "
        -2728       -2576        2730        2731 " "
         -475         629         630        -627 "z"
          859        -856        -704         858 " "
          637         638        -635        -483 "r"
         2222       -2219       -2067        2221 "e"
         2396        2397       -2394       -2242 " "
        -1408       -1256        1410        1411 "k"
        -2626        2780        2781       -2778 " "
        -2804        2958        2959       -2956 "l"
         1072       -1069        -917        1071 " "
        -2361        2515        2516       -2513 "n"
        -1514       -1362        1516        1517 "l"
         1933        1934       -1931       -1779 "n"
         -497         651         652        -649 "b"
         2778        2779       -2776       -2624 " "
          -69           0          71          72 "i"
        -1755        1909        1910       -1907 " "
        -2310        2464        2465       -2462 "t"
         -178         -26         180         181 "e"
        -1947       -1795        1949        1950 "s"
         -179         333         334        -331 "e"
         1077        1078       -1075        -923 " "
         2793        2794       -2791       -2639 " "
         1102        1103       -1100        -948 "i"
        -1026        1180        1181       -1178 " "
         1701        1702       -1699       -1547 " "
         1163       -1160       -1008        1162 "d"
        -2468       -2316        2470        2471 "b"
         -828        -676         830         831 " "
         2807        2808       -2805       -2653 " "
        -3065        3160           0       -3159 "2"
         1754        1755       -1752       -1600 "d"
         1916       -1913       -1761        1915 "b"
         2029       -2026       -1874        2028 "E"
         2306       -2303       -2151        2305 " "
         2819        2820       -2817       -2665 " "
         2874       -2871       -2719        2873 " "
        -2784       -2632        2786        2787 " "
         2132        2133       -2130       -1978 "e"
         2827        2828       -2825       -2673 " "
        -2007       -1855        2009        2010 "e"
          587        -584        -432         586 " "
        -2245       -2093        2247        2248 "f"
         1285        1286       -1283       -1131 "a"
         1895        1896       -1893       -1741 "u"
        -2140       -1988        2142        2143 "s"
         2561        2562       -2559       -2407 "r"
         -679        -527         681         682 "i"
        -2690       -2538        2692        2693 " "
         2847        2848       -2845       -2693 " "
         1529       -1526       -1374        1528 "i"
         3008        3009       -3006       -2854 " "
         2853        2854       -2851       -2699 " "
         1091       -1088        -936        1090 "z"
        -1236       -1084        1238        1239 "n"
         -745        -593         747         748 ","
         2861        2862       -2859       -2707 " "
         -202         -50         204         205 "a"
         2698        2699       -2696       -2544 " "
         2151       -2148       -1996        2150 "e"
        -2855       -2703        2857        2858 " "
        -1971       -1819        1973        1974 "a"
         1955        1956       -1953       -1801 "n"
         2875        2876       -2873       -2721 " "
        -1782       -1630        1784        1785 "r"
         2879        2880       -2877       -2725 " "
         -591         745         746        -743 "d"
         1266       -1263       -1111        1265 "n"
         1468        1469       -1466       -1314 "a"
          923        -920        -768         922 " "
         2889        2890       -2887       -2735 " "
         1832        1833       -1830       -1678 "s"
         3125           0       -3124       -2995 "k"
           18         -15           0          17 "s"
         1311        1312       -1309       -1157 "a"
        -2197       -2045        2199        2200 "r"
        -2524        2678        2679       -2676 "n"
        -1085           0        1240       -1238 "d"
         2905        2906       -2903       -2751 " "
          135         136        -133           0 "e"
          267        -264        -112         266 "i"
        -1182       -1030        1184        1185 "i"
         1634       -1631       -1479        1633 " "
         2915        2916       -2913       -2761 " "
          289        -286        -134         288 "h"
         2919        2920       -2917       -2765 " "
          801        -798        -646         800 " "
         1632       -1629       -1477        1631 "n"
         2209        2210       -2207       -2055 "s"
        -1877       -1725        1879        1880 "l"
          985         986        -983        -831 " "
         -931        -779         933         934 " "
         -574        -422         576         577 "t"
         -822        -670         824         825 " "
         2615        2616       -2613       -2461 "e"
         1664       -1661       -1509        1663 " "
         2312       -2309       -2157        2311 "s"
          421         422        -419        -267 "u"
          191        -188         -36         190 "t"
         1152        1153       -1150        -998 "a"
         2948        2949       -2946       -2794 "e"
         2691       -2688       -2536        2690 " "
        -1124        -972        1126        1127 " "
         2954        2955       -2952       -2800 "v"
         2956        2957       -2954       -2802 "o"
        -1870        2024        2025       -2022 ":"
           42         -39           0          41 "u"
         1699        1700       -1697       -1545 " "
         2964        2965       -2962       -2810 "t"
         2092        2093       -2090       -1938 "b"
         -353        -201         355         356 " "
        -1518       -1366        1520        1521 "n"
         2897        2898       -2895       -2743 " "
         -220         -68         222         223 " "
         3077       -3074       -2922        3076 " "
         -354         508         509        -506 "o"
         2980        2981       -2978       -2826 " "
         -685        -533         687         688 "a"
         2984        2985       -2982       -2830 "r"
        -1774       -1622        1776        1777 "c"
         2988        2989       -2986       -2834 "i"
         -249         403         404        -401 "n"
        -2426       -2274        2428        2429 "b"
         -136         290         291        -288 "u"
         1498        1499       -1496       -1344 "i"
            0       -3136       -3019        3137 "n"
         1670       -1667       -1515        1669 "6"
         -399        -247         401         402 "n"
         1733       -1730       -1578        1732 " "
        -1381       -1229        1383        1384 "S"
         -292        -140         294         295 "d"
          349         350        -347        -195 "u"
         1178        1179       -1176       -1024 ","
         1649        1650       -1647       -1495 "u"
        -2063        2217        2218       -2215 "e"
         1404        1405       -1402       -1250 "e"
         1563        1564       -1561       -1409 ","
        -2054       -1902        2056        2057 "a"
        -3147       -3041        3148           0 "/"
         1146        1147       -1144        -992 "r"
         3028        3029       -3026       -2874 " "
         3030        3031       -3028       -2876 " "
         1688       -1685       -1533        1687 "l"
         3022        3023       -3020       -2868 " "
          -65           0          67          68 "r"
          969         970        -967        -815 " "
         3040        3041       -3038       -2886 " "
        -1078        1232        1233       -1230 "a"
         -736         890         891        -888 " "
        -2700       -2548        2702        2703 " "
         1397           0       -1242        1396 "h"
         -767        -615         769         770 " "
        -1262        1416        1417       -1414 "n"
         3054        3055       -3052       -2900 " "
          430        -427        -275         429 "d"
         3058        3059       -3056       -2904 " "
         3060        3061       -3058       -2906 " "
        -2225       -2073        2227        2228 "n"
         1970       -1967       -1815        1969 "d"
         3066        3067       -3064       -2912 " "
        -1071        -919        1073        1074 " "
         2647       -2644       -2492        2646 "r"
         3072        3073       -3070       -2918 " "
         1726        1727       -1724       -1572 "E"
        -1803        1957        1958       -1955 "e"
          679         680        -677        -525 "s"
          250         251        -248         -96 "m"
         1474        1475       -1472       -1320 "e"
         1872       -1869       -1717        1871 "g"
         -372         526         527        -524 "n"
          892         893        -890        -738 " "
         2969       -2966       -2814        2968 "e"
        -2134       -1982        2136        2137 "t"
         1148        1149       -1146        -994 " "
         2784        2785       -2782       -2630 " "
         1372       -1369       -1217        1371 " "
          663         664        -661        -509 "e"
        -3040       -2888        3042        3043 " "
         3170           0       -3169       -3085 "/"
        -1303       -1151        1305        1306 "e"
         3104           0       -3103       -2953 "p"
            0          47          48         -45 " "
         3106           0       -3105       -2957 "/"
         -694         848         849        -846 " "
          164         165        -162         -10 "s"
         2065       -2062       -1910        2064 "a"
        -1935       -1783        1937        1938 "e"
          301        -298        -146         300 "t"
            0          57          58         -55 "s"
         3113           0       -3112       -2971 "r"
        -1015        -863        1017        1018 " "
        -2100       -1948        2102        2103 "n"
         2545        2546       -2543       -2391 "l"
        -1391       -1239        1393        1394 " "
         2390        2391       -2388       -2236 " "
        -2039        2193        2194       -2191 " "
        -3048       -2896        3050        3051 " "
         3121           0       -3120       -2987 "."
          999        1000        -997        -845 " "
         3123           0       -3122       -2991 "e"
         3124           0       -3123       -2993 "/"
            0          91          92         -89 " "
        -1473        1627        1628       -1625 "f"
        -1601       -1449        1603        1604 "i"
        -2698       -2546        2700        2701 " "
         3129           0       -3128       -3003 "e"
         1199       -1196       -1044        1198 "e"
         1197       -1194       -1042        1196 "t"
         2939        2940       -2937       -2785 " "
         2372        2373       -2370       -2218 "p"
          995         996        -993        -841 " "
        -2842        2996        2997       -2994 "u"
         3018        3019       -3016       -2864 " "
         -190         -38         192         193 "l"
         -433        -281         435         436 "a"
         3139           0       -3138       -3023 "v"
         3140           0       -3139       -3025 "e"
         3141           0       -3140       -3027 "r"
         1562       -1559       -1407        1561 "e"
         3143           0       -3142       -3031 "t"
         -821         975         976        -973 " "
         -777         931         932           0 " "
         1742        1743       -1740       -1588 "e"
        -1552        1706        1707           0 "e"
         -645        -493         647         648 "n"
         2977       -2974       -2822        2976 "g"
        -1769        1923        1924       -1921 "e"
         3111           0       -3110       -2967 "."
         3152           0       -3151       -3049 "r"
         1432        1433       -1430       -1278 "b"
         3154           0       -3153       -3053 "/"
         3155           0       -3154       -3055 "l"
        -2565       -2413        2567        2568 "i"
         3157           0       -3156       -3059 "p"
        -2539       -2387        2541        2542 "e"
        -1763        1917        1918       -1915 "e"
         -457        -305         459         460 " "
        -2159        2313        2314       -2311 "t"
            0       -2172        2326        2327 "a"
         -500        -348         502         503 "a"
         1019        1020       -1017        -865 " "
        -1823        1977        1978       -1975 "t"
         2522       -2519       -2367        2521 "h"
         2035       -2032       -1880        2034 "n"
         1993        1994       -1991       -1839 "k"
         2619        2620       -2617       -2465 "s"
        -2467        2621        2622       -2619 "t"
          623         624        -621        -469 "o"
         1443       -1440       -1288        1442 "r"
         1040       -1037        -885        1039 " "
        -2948       -2796        2950        2951 "r"
         2019       -2016       -1864        2018 "d"
         1441       -1438       -1286        1440 "d"
          628        -625        -473         627 "f"
          757         758        -755        -603 " "

